0.08277149074981764
0.11189633995912839
0.09573323000281236
0.09176622283302954
0.07896918955510313
0.08910192866614944
0.10258106345575028
0.09099109556663261
0.09012872252127979
0.12389720556073801
0.10910535485836474
0.13352830421807618
0.11381023327481757
0.08220950008269817
0.11491935062903283
0.11042456157457245
0.11546103698733923
0.09993285663356977
0.08395500841598351
0.0757455854027937
0.09612345340663858
0.08944630814232736
0.09016476413261185
0.08797068053953847
0.10259734144201978
0.10083311363164654
0.13798679546831483
0.10835530661087853
0.08592617533005285
0.09971470166896147
0.07412693343570594
0.09073236173261529
0.10167001179074686
0.09237432708363419
0.07776008822114437
0.0930480053887851
0.09299612113871204
0.079878999474144
0.08423881061047686
0.09464124813112507
0.08734324604686164
0.07818373431263645
0.08814905113143849
0.08043789440659609
0.09934789036098943
0.09216008893533377
0.08357386907951062
0.09186064219417815
0.13436846391440713
0.08958914971457686
0.08523062686525659
0.0866051137697891
0.07986352800096466
0.1328798260204391
0.1127550774606495
0.08844440806206146
0.06991180643085253
0.0749350332188522
0.10309295908165972
0.09095605957670466
0.08869247713599288
0.09840802040827061
0.09460395802197283
0.10846836984176714
0.10382216322887691
0.1098010175108139
0.08757897224105372
0.09446712236369548
0.07489275254315894
0.08406441051689235
0.11246691367764891
0.06776336820633244
0.09422209911768331
0.10266036448601805
0.10347209699491947
0.1368000632101203
0.15196056772376518
0.15340610440656316
0.11639848138149297
0.09222428519910238
0.09022724040776713
0.1153930424210045
0.1099690022613768
0.12200091012647593
0.15065997964866784
0.16893271982754998
0.12186033290716144
0.10732816774079262
0.08518928351070196
0.09682323136516033
0.11589869672988617
0.08441704188579703
0.06486549738666958
0.08285301866536832
0.09110951508866463
0.07711275025792376
0.0748948199482232
0.08720584817998844
0.09519951569638867
0.091436496330416
0.07045099027766036
0.09792387186261733
0.10005291972945565
0.09198561290558104
0.08275637907937032
0.13724581809143369
0.14918007705101746
0.11390107320171014
0.11849613378905616
0.12650470253493246
0.10686395263116528
0.08918448235178905
0.0966605371734408
0.10120862048866058
0.10620670451841246
0.10359032121505363
0.1263763184012966
0.10385590699444398
0.12047742271346654
0.09876288636109345
0.09128693442049406
0.1234625091392018
0.10644385260198662
0.097661667219898
0.08536443869935031
0.10691165062094451
0.10037004444303728
0.10344004871873054
0.09564309180709785
0.09591028534954367
0.10811840910454797
0.12217943001537389
0.09539400767119323
0.07587246909184993
0.10895007116411694
0.1066114112621609
0.11731265793432645
0.08821930591868661
0.10362968664048791
0.09964021521153468
0.1067193273459992
0.1254721267953526
0.10919143241419464
0.09159482609276472
0.08348782479024906
0.08374652017989502
0.0887462072138821
0.09853029230998679
0.09143717703344095
0.0888614471947745
0.10624073050643343
0.07417754168366654
0.09554060578189974
0.08803925508748628
0.0927966106818772
0.10960919668985895
0.09013816830189
0.11158517761252362
0.09816770467327209
0.10272682320034526
0.09749044172800653
0.12137022032878943
0.13658388655770243
0.10694204066541753
0.08143267807448179
0.09914830408843776
0.0886650615385147
0.10474161729080594
0.097704526191566
0.10628793136809601
0.07263637405780922
0.09663941253627026
0.0797777708142951
0.1065704407901334
0.09987958087077259
0.1167326553709848
0.12002499992439956
0.07432954785044832
0.0846366591933387
0.07698272352512492
0.10108207402675073
0.10114489694573534
0.10614724248882064
0.11579860219797364
0.10464596379716225
0.09800906592292977
0.10024921294860084
0.08931890204105296
0.08934010749814635
0.08437352484934751
0.12101335365016398
0.09837841281746046
0.09007363074370374
0.08980599866229337
0.08158032982200178
0.10318279895823157
0.07862140688822647
0.07493867941240713
0.10696236423315134
0.08643549655281786
0.13328825801781044
0.08193925832613376
0.10424286716085084
0.09489082485774934
0.1435311130632644
0.10085860861609422
0.12064207738048102
0.09797604096101367
0.10841542656512848
0.11728770523804899
0.07968409310770537
0.09897383431143447
0.1114261723331706
0.11422454905792565
0.11891749869867478
0.11112469395232655
0.1176544042429569
0.08979456188176671
0.10274692428738592
0.09231428615347241
0.08887075085076351
0.057463964873653677
0.11146952007544203
0.11949287039642165
0.09944345351554051
0.07888596526921227
0.082877752548637
0.09650152944043923
0.0930908924467237
0.0810806859853583
0.08758682605823283
0.09713660186548909
0.08650049851523672
0.10083948798588784
0.09407607169161317
0.08506292795184078
0.10074897958864343
0.13883826858319293
0.08415489369227075
0.12941173475451528
0.07894238577380269
0.10114677746586534
0.09658781539081554
0.11965282463291729
0.12753303190687787
0.12266227871529413
0.09824901193163083
0.10107532154909812
0.104857679181321
0.11001680580829155
0.11183211428849595
0.08981923213331157
0.12392939035992004
0.0661860875025064
0.08040927912375728
0.07306613069234469
0.09343347224688378
0.0794296600217913
0.09395177909190354
0.11970263582444808
0.05028485349093009
0.10335519708282226
0.06690567489660118
0.14346511133286788
0.16184387345093895
0.15061862036821988
0.10300168782212359
0.06642104081799917
0.0880924412432883
0.13084836403139155
0.1230549566522437
0.13473772771669348
0.09676710921580715
0.11124392440985308
0.08722200890227244
0.09156017351415474
0.09352480363694013
0.08227124592337651
0.08607819212820361
0.08143957274073678
0.07710691170678978
0.10454314082137393
0.09982145871849171
0.07426516092178695
0.10543062036162892
0.08991771690091994
0.09854615084916069
0.09970255129216833
0.08623900538423754
0.08652810198758411
0.08816834468195948
0.09709372517022194
0.07559067738223436
0.10584355602326596
0.11356920584750953
0.10433970286041702
0.05570584718072549
0.08295169115218463
0.07652293666599702
0.09390912125217345
