0.07501147330139274
0.09702420753776163
0.09300939612666001
0.10564903409061291
0.11001189675253638
0.09360277504106422
0.12233795162184499
0.0860794301972071
0.12686088453178038
0.15268611939537638
0.08314427078134842
0.08792769120793395
0.09276798722716412
0.08339137356738119
0.08566705023910476
0.08001571000400143
0.09270115342066461
0.0972767159195917
0.06465907024141715
0.07176745854617304
0.08286722557610933
0.1071850117430748
0.09302714020890011
0.12503674199938916
0.11763886054340189
0.08055318510057066
0.08331361679486791
0.10288021656244432
0.08651618581457157
0.08354214578239846
0.10563833363341399
0.09751674996165911
0.0934936315063325
0.0964951154355356
0.08621226357526451
0.05557799100196012
0.10247625969935231
0.09174579085105555
0.08561501663105658
0.08156574811259251
0.11437604155577315
0.09043366033657742
0.08267956236958997
0.1002673965297608
0.11491036262011926
0.09951825876525054
0.08204124665731123
0.06360657249381702
0.09154010006447728
0.08859767360531721
0.08777042277862675
0.09169322400245472
0.1218111552081812
0.11302255245382754
0.07487727648487716
0.06770657502339215
0.07383254665700027
0.09577887127469867
0.08751430851199911
0.09475959006294354
0.1036743009267972
0.11694212424300315
0.10933373454857882
0.08111985775625946
0.11265946808063287
0.0882850908898313
0.09805313259406406
0.10890125049595036
0.10250858839398318
0.1002415348074407
0.06482656149384246
0.12029011793033793
0.07630766850232741
0.07997535236756366
0.06802124209348288
0.0958208512680499
0.10086111285102066
0.10257350690962824
0.08358431252244108
0.08232210057350915
0.08969656619404853
0.047852978281491175
0.0918495989463235
0.11037669598092459
0.0973884245023437
0.1421693652531756
0.11474838638651434
0.11701088262530943
0.11750558065507187
0.12660966610832158
0.10644518552481552
0.07270714278229624
0.11051323097009744
0.06629477369932536
0.07725203930149532
0.09312695916745961
0.10672109669821164
0.10366347167649187
0.07826619839536178
0.08658178388250061
0.12642917886782098
0.1489607469144087
0.09655628137358205
0.08420192405489263
0.09297449456640688
0.09855822544634896
0.06155621011409027
0.12434701524288881
0.08288761824891391
0.06976506436193682
0.07969337527639322
0.07516247815099895
0.08705583885930157
0.1183836447924315
0.10871822124156004
0.10608176776804991
0.12005462066880199
0.09439017020879925
0.09757468363112488
0.09720900661091045
0.10696074022003554
0.09758659854851454
0.09381732333086035
0.10425247943958105
0.07620145113439265
0.08348435902954712
0.10896346221825143
0.09551638290477012
0.09446938036979499
0.11008736065364978
0.07599284515840239
0.08890994539913333
0.09919931673738493
0.09408956617110255
0.07204619634323567
0.09781189949921197
0.10768649421649906
0.10630572173402758
0.0901921963387722
0.06642396119924154
0.08974710258512564
0.1016516612586823
0.07499675331950635
0.0762455160215099
0.08224786408756471
0.08155110895667286
0.0800321440034229
0.09594411550704002
0.10962370247785097
0.05995071740364548
0.07590971088291282
0.07384555752111001
0.07931526618892021
0.09008271310758506
0.1133957406003007
0.06584588769582178
0.08659268518415601
0.07741185058215598
0.14180414852039275
0.10654365711060652
0.0666966406310492
0.07952480554886493
0.10930827022527088
0.09940657764312562
0.07688443849126259
0.0794097655588818
0.07218303079411316
0.09914447374104148
0.0962652848566993
0.09201308685459697
0.10303262886370718
0.07517437562724985
0.11038772838757283
0.08999710534895457
0.10614323988108973
0.12988953766234512
0.09549889128324343
0.09224220626180527
0.08452285714757948
0.10687133333275028
0.10151179449113978
0.08981008830319621
0.0657462834978806
0.09057334643768361
0.0975791209708173
0.0838007791789937
0.08709397958458295
0.11086163035260002
0.09155727473389341
0.10612813318642639
0.05874382633696325
0.11251941432611061
0.09989335323380195
0.08380828536299485
0.08192859822709347
0.12034285432378594
0.10019213885662565
0.08402598507453142
0.1115776203507957
0.07705880356585892
0.08701438978302363
0.0937875063206464
0.11012153944383186
0.0930937429713606
0.0627058318497082
0.0961172764964526
0.07159280286893757
0.05341318750295798
0.07665138525500986
0.0959250755952366
0.10377387135989057
0.08448682807423316
0.08838843225679026
0.07126011112736103
0.10685578451911043
0.08519703705168043
0.055480134728991264
0.09020699568609818
0.1088375553100816
0.10467714413649866
0.08364238803395838
0.07644652589969056
0.06977566043749034
0.09395493900747644
0.07885468996886572
0.08434944844905176
0.1065915758850503
0.11280884697217436
0.08152281856361901
0.11148263981982083
0.12017093164942716
0.0729837104025133
0.07526750420254129
0.08747889542860104
0.07637375489911975
0.09126927204096898
0.0726026907821488
0.09568304192768866
0.09084518051866919
0.11383616042792859
0.14403697543433444
0.10427179804218407
0.101153436579034
0.09181769389955675
0.09773994037635289
0.0946881088953048
0.10477737317747407
0.09259804199946783
0.09683001763498254
0.0872649908898506
0.09878841855627436
0.10686035843240047
0.07590352376019986
0.07579804339080184
0.09751236924041519
0.06987968892772772
0.10167263891267053
0.08235267558440482
0.10128931451155196
0.09109467280408329
0.08178792869477426
0.09281584668365943
0.057182122637263015
0.11294770857678507
0.0834971935035792
0.08234704253979519
0.08241983036947592
0.08244310276836916
0.08719054787006313
0.07527148857040937
0.1264421562995701
0.1279500549690957
0.0825988517836873
0.12013800797178979
0.0977248349853788
0.11315786164330506
0.10845657765987227
0.09365969569064142
0.09216422493099602
0.09775986173713143
0.11648638005470154
0.09653231013213097
0.12005616996795576
0.11910394759535615
0.16795106704894938
0.10960307118644237
0.09877009477770898
0.08064485599131045
0.0872184087128626
0.10362355261016992
0.07511813840039251
0.12951233592599715
0.09856820589164846
0.07553015270127383
0.1104922777707782
0.07073994681427402
0.10940358751475611
0.0908729883115856
0.08395303823128562
0.09102981160887566
