0.13127599128969422
0.15845928842972634
0.09596885685967943
0.10883990724243196
0.06882891385431457
0.09839202438409934
0.10617251928615598
0.14154339848785988
0.11160170266422256
0.12920583355628948
0.09827943683300955
0.12415687218362713
0.08934951147794366
0.11038535008891293
0.1528910393077475
0.1350667103002535
0.144278334932415
0.1536831522410328
0.13689081937018852
0.10265034587696284
0.10563948213526307
0.09263705483699106
0.12566955014330775
0.1096839189458461
0.10998084303106877
0.14556978289576694
0.12422924667084559
0.1148606349365877
0.10959460693351264
0.11524638587858735
0.09278276932795489
0.09205148989377938
0.10226025402351317
0.11693236183482143
0.08370717824459938
0.11788052928536155
0.1401432582724651
0.11894757467744538
0.10979786666798104
0.12397914555342929
0.10171548071829731
0.1094367725378886
0.07954339301002811
0.13934595757929594
0.10863185564483999
0.0833219085526045
0.07816568268832205
0.13053666117293988
0.13066371843564134
0.1488804154875911
0.13760807743789719
0.13935489902952689
0.14572657989804175
0.1540933765060771
0.11723222079996448
0.1238544473930085
0.11579406444366336
0.09281764875343196
0.1184970413395238
0.07897152937458202
0.0749688742787691
0.1377140569365382
0.1433840773805529
0.09591046335063286
0.11978708859997489
0.08529034504859646
0.09701938283956993
0.13647350026165472
0.1453422606359331
0.13701772513423116
0.08491391478589991
0.12202694964176096
0.14078702193897644
0.10218961142748036
0.09592406694274697
0.1153624784927979
0.12121680803390911
0.06643537697267254
0.07937200181490145
0.09828107085693721
0.09739824327130045
0.10693084455668503
0.12688961623074846
0.136282272081754
0.10907156421687164
0.09637802952249887
0.08728058571522218
0.12229066236581106
0.09560875353421466
0.11659135130126261
0.11501603767472066
0.15865692447837765
0.06365031684806555
0.10018436846944112
0.10665422347007816
0.09719814358260076
0.10966761455632261
0.09445496569143284
0.11579243696440807
0.13360758970260492
0.10763072777329623
0.12012497823171273
0.1100868772656478
0.13850911243785854
0.07411815974645304
0.10833284665807862
0.09856573745480567
0.07570948663149978
0.14785877326613278
0.10018803901507049
0.10804328555690007
0.12091670884860338
0.13686127841807674
0.1357275067917356
0.12336828730632941
0.13574964732463007
0.1280359306106143
0.13486725002285962
0.10506085887418085
0.12662651037663367
0.11083031420604854
0.0983263345587569
0.1309183434358084
0.13831585509592798
0.10468360163828852
0.13247148355043897
0.09247487854599619
0.1258485290320906
0.13825552710802533
0.1374017699818753
0.11243295035785096
0.07789462494405688
0.1278092404683978
0.09382818381714195
0.097460579001676
0.08401126654021801
0.10488709440484545
0.10784136138273069
0.09186362475999658
0.1051989748720676
0.09137411612430761
0.09451255080180793
0.09685743809550264
0.10634400065727774
0.07857485149157493
0.13629199573201523
0.12453796267410601
0.1291902395674386
0.09690585183983483
0.12320864578382855
0.08426142814123258
0.12092395676754623
0.1582344138006506
0.1789076424083487
0.10576885637866225
0.11957622875490927
0.10611062894133695
0.09311886972333357
0.10934508679746405
0.09920939417335171
0.13858164005971152
0.11726045789901703
0.09465990598247592
0.12270262961916518
0.15293400547600552
0.11406810647458007
0.10445493755225069
0.13114520066548319
0.092069808207466
0.08483707647093458
0.08345652842528645
0.08277599881903029
0.10425262903874355
0.1151783893891276
0.07451892692967285
0.13067635746037531
0.09589515533827346
0.10772891041424691
0.08257362264649575
0.09814312745859397
0.10738984145336918
0.12715330725458507
0.13840365966760393
0.11150705268526374
0.0932922762255401
0.1007933424103412
0.10881538327865513
0.07736044849855502
0.1057522492424126
0.11543756666245562
0.0916506666025883
0.09227344826223764
0.11764064711882438
0.1154493223173246
0.13172755288260135
0.14755877374677376
0.14314874037675854
0.0841901867271992
0.11477270190785913
0.104164927820151
0.14127380689483582
0.1323240595055788
0.1476025469197468
0.16157431129120994
0.1451796792674356
0.09551392287278974
0.09302168715157882
0.09044108305485495
0.10331224199671064
0.07383835371810052
0.07599306576202663
0.12233483305386912
0.11851418831305524
0.10408627575026644
0.07685719464388897
0.11357971331594391
0.09497038197581835
0.11320366103494899
0.16160474190209556
0.11420252682802272
0.11375619776291418
0.09110660649059936
0.06643837444105341
0.08957258697332042
0.07227091949719391
0.09789269778069952
0.11230870559074953
0.1205127933578874
0.08516573320250741
0.11305249597678511
0.090972337161891
0.10493734884035336
0.11770582074581748
0.14600445207101934
0.10386728892930487
0.0840331365412064
0.10576066971839188
0.10166532026668339
0.10831037685276447
0.09786685398054279
0.12443483775405392
0.17532013499887342
0.14821107174244025
0.12407340807239282
0.12888898096323814
0.11170956520441966
0.10182452320614693
0.08529006127411315
0.08993676458560915
0.09746112409623185
0.10712967057351072
0.13289145469279667
0.15097868918710478
0.11139901602082668
0.1307569374417837
0.10274687822765005
0.09567591997833581
0.08253587414193547
0.09737503476851045
0.09422462394169014
0.13581397813204413
0.09775999013557968
0.10813996266959545
0.08040112805584149
0.07220319895032931
0.11016183268223288
0.06881854369845483
0.11575289502290241
0.12321962613424807
0.11016458015340357
0.12561518368185903
0.12658548489155255
0.11599707353285922
0.06702013716260775
0.10201725386707595
0.10454214894304449
0.10796328176253596
0.09974432819364228
0.0935334047621027
0.11479139861047857
0.10979693565197238
0.08663609616999607
0.11645627377824433
0.09485393026764533
0.10149625046386308
0.08544609649374925
0.1186318670228904
0.12967318138433356
0.08691222702016582
0.09518533995841874
0.10848073805801092
0.13827831586537045
0.12328424963355208
0.10481380320595161
0.10515355719582212
0.12691227470618918
0.08514566553640926
0.09933424143226159
0.09394224739947245
0.11137093858135312
