0.1990188593916279
0.17315379894822883
0.16554227945925798
0.17791151994030344
0.19697759760077208
0.1789620285697614
0.207723698118486
0.2246019795081931
0.16465329436900017
0.2203068937836927
0.21105938307333852
0.19981496280988365
0.21428929034148883
0.2338877613321567
0.18465057410193852
0.20698582362353085
0.19432479667603084
0.1698787140532743
0.18023121120707777
0.17696246981362626
0.17578832392521918
0.23072891586162222
0.16867643397986992
0.202371557934219
0.18872614970234128
0.18366084259224216
0.17879832838475032
0.18549870228117804
0.17490228940682612
0.17170345233659184
0.15585566381435415
0.17465000658477142
0.1777682639015374
0.18903461252500853
0.17785050173088435
0.18842885107418916
0.15887112261585204
0.20510734937984362
0.1694049769660556
0.1766535303080822
0.1999385515866679
0.1708360086335631
0.21254424997836
0.22115039319192595
0.18286680013508022
0.2019470491167161
0.18084911726105704
0.20863385614362787
0.18617328360427168
0.17545444295157464
0.19808740385247814
0.2183566648613188
0.17299438245984294
0.1837766811405556
0.14942017072278413
0.1897707756370571
0.1773983467143096
0.1668717356532165
0.1902401493403039
0.1673590227767612
0.18362468318397254
0.19128705768125434
0.17014326906298488
0.1760548570445044
0.18101182591919593
0.18602122405794025
0.18187091603631717
0.18172667063994047
0.19927496527490504
0.18034877344623584
0.1792676819713711
0.1749843638657691
0.17567222673757002
0.20215675735932684
0.1808508876195331
0.16425815672661617
0.20780932846869618
0.1707753270085464
0.16201721572093622
0.1623746243730247
0.18476137579109433
0.1869599284519902
0.17449122809799322
0.16360470314485595
0.17022222621400807
0.19608643596459466
0.15686443517072582
0.14246181140529832
0.1756707666538151
0.16338699455467456
0.16641217497002883
0.16452344652845444
0.19334197862171043
0.17819444811135798
0.18781970490399466
0.16568262057003577
0.1553453379400287
0.16545649227606607
0.17342684964919605
0.1874634543228718
0.16186753410837323
0.15082727817292688
0.19542121665643422
0.17348994620258337
0.2128849776504917
0.1754841262005536
0.17208753047383454
0.18813291773183446
0.1449904655912906
0.1369660267821019
0.15030676989007405
0.1605542815223324
0.1370038375546081
0.14431305493616128
0.18166654287558562
0.1480911826418029
0.13527907319233481
0.13591458506199847
0.14975148510081943
0.11582132736428118
0.14051146389626887
0.17468768493647846
0.18215849688709718
0.13997154425205433
0.15611264471036754
0.13160105790810708
0.14829125458499517
0.10645511258767151
0.13756793209990678
0.1391360850439746
0.14163439829277233
0.13700405948202288
0.125015197527992
0.12819843948461118
0.13451229419052194
0.1346653553134003
0.1373580453711228
0.10946717949557527
0.10622700918240165
0.15555310285949464
0.1384745154292916
0.1262266536722594
0.1861499882254495
0.178476608472631
0.1625309240072894
0.15065789833629023
0.1317530208319832
0.15050989820965888
0.17526603200302204
0.12811540822867817
0.1440603342261628
0.15962256721333123
0.14581039510012336
0.14803137424157045
0.1431113197612749
0.14256882391858386
0.11799256810352793
0.12457869952190827
0.1265167504331053
0.17931779916882967
0.14971742729869217
0.1738809243807582
0.13439333259801003
0.1697808536974491
0.1487486305317015
0.13003698515043988
0.12184338054145369
0.12887695070208247
0.17413628150660698
0.18747248596003452
0.12749358972145308
0.12931815253189208
0.13794362218081654
0.15231040150276268
0.17464389905984798
0.22927483772142093
0.14082259803562425
0.1884323398833203
0.17850306014647216
0.13785391542829709
0.14689674743199038
0.12886855386072196
0.11492523906314632
0.11630351126292107
0.1426073037062882
0.11087151505557205
0.12986788999605287
0.11930008605613283
0.13640654685365777
0.1299136580161245
0.15774887426706935
0.16817061523293395
0.18802901430920455
0.13691372092853116
0.12720537976102692
0.11578279699251481
0.14563106244298787
0.1296149022845279
0.11967213341703312
0.11513188493796438
0.13175143964712555
0.1058631962948985
0.1212544761335405
0.1149697200406124
0.1201933179474281
0.12071023891994803
0.12431407877418389
0.1321398349929794
0.1430575347956668
0.12829055367649428
0.10764363889328057
0.1043252185588217
0.11223886285556331
0.0975747189182561
0.1321983228578255
0.11668605389276693
0.10402981212177513
0.12617646867987936
0.1285970837015081
0.11353347921930387
0.17159596312803377
0.16624831883870034
0.15870733784289132
0.12648054552073654
0.11769512005898047
0.14195766063390114
0.12974103657330693
0.1274036536692382
0.12622610529330594
0.12805780164618205
0.11880339684743876
0.16592399795579038
0.1642926994633003
0.1259403383956421
0.12445095062371013
0.11076683831149634
0.1095001718125182
0.15915590227260723
0.14730951629574127
0.16284274978514315
0.17622317242147667
0.15855217287557663
0.11864023857549372
0.12597866315515568
0.07446188213967732
0.09112597903130017
0.09518645967425594
0.09765077218837845
0.10224250694606071
0.12041066184777904
0.09506824294039187
0.10658938420606086
0.12196323629020654
0.11306064614929932
0.09678631712307947
0.11990341124679656
0.10367928010366337
0.1126879231125176
0.11695347655948113
0.1405956633313436
0.1363968298607419
0.12506532730122868
0.12434049047663356
0.10368788671508794
0.1266971871739804
0.14068244241984199
0.12209760838893713
0.10634294397989573
0.12002279578741967
0.1466244461414257
0.14301135783630314
0.12921117093129325
0.1221497558615683
0.11469149912043992
0.1285913529473628
0.09378416234622339
0.09204134713820396
0.09355744735744015
0.0931312017374829
0.10391783888837923
0.1269661872441566
0.19150727873873014
0.11830707977205014
0.12836208185486173
0.12082609105685743
0.13554176388767755
0.11617519997927037
0.1301766322799963
0.12571564147487857
0.11189833829231408
0.1276028645365197
0.12848149033854803
0.1310768379692506
0.14998020948355617
0.12773451952987153
0.12337414385138173
0.11197898904676373
0.10787638973334873
0.12060860355246909
0.13167618179726867
