0.454553311829987
0.45559858378215373
0.4543746452852245
0.45461818971436135
0.45407914987844095
0.45320320830776667
0.45395918514019473
0.45383794430157237
0.45187317847204894
0.45473110084065055
0.4517345352348163
0.45281799547313006
0.4529007954758597
0.4532184836690275
0.45211189849112954
0.451059225288115
0.45119635095256877
0.45130041043734054
0.45074393730121964
0.45173181580807475
0.4490692107836841
0.4502629817689781
0.45126191812773864
0.45033847764095575
0.4496842633810232
0.4486870941790007
0.4472060798562143
0.44907833260110325
0.4494560723016365
0.45013336104432095
0.4487848454620572
0.4474795044899075
0.4482357980659241
0.449090944702557
0.44881977674182144
0.44732503517415184
0.4480718250020479
0.4472239890257174
0.4465953171774437
0.44561198272615354
0.4456368814824843
0.4464420464067802
0.4472832875299296
0.4478499948402688
0.44593959107314307
0.44519658436221193
0.4439472638071449
0.4452916825228438
0.44459093828638563
0.4458657118465612
0.44415827085548204
0.4447249404067631
0.4438166544763596
0.442884097548464
0.4449307985020262
0.4457136416208406
0.4424359115368402
0.4438802708589604
0.443392215109377
0.4419312412798837
0.4446891107747682
0.4418361888100423
0.44365386861743134
0.4420948179197132
0.44234318430176744
0.4432776306088686
0.4406659112216851
0.4418877231455712
0.44166259001250924
0.44243732304536826
0.43991594544320883
0.43986927330594233
0.4409803562643076
0.4416312470702182
0.44162867711547454
0.4394008235863663
0.4395404319056147
0.4408145980698391
0.4392733852471234
0.43947167266220005
0.4378318846782329
0.4364815209829746
0.44082420223642055
0.4392474823738479
0.4373166198546404
0.43621426862116697
0.43704143656483896
0.4360446521575369
0.43602341932690836
0.4330423806113776
0.433721767408273
0.43390962847151693
0.42999928125822295
0.43266448534296303
0.43313254194719014
0.43496552135235766
0.43842350115619505
0.43355117283723826
0.4321106197711599
0.43291273324781615
0.43184913001779557
0.4326101470882311
0.43104234654373264
0.43206300341202225
0.4333933144911719
0.43420408339023014
0.42898066647698313
0.4257265902667833
0.42850850718132444
0.43154573688178016
0.4327062423517102
0.4343888390282131
0.42982192357131366
0.426445964541894
0.432494368851453
0.42599048706945525
0.4241254829701544
0.4304797705228154
0.42663598300878375
0.42805465371108986
0.42655392602550923
0.4270062882316661
0.42864232611353387
0.4231328370762447
0.43010762399598584
0.42385843646185606
0.42254392108361694
0.42517676044078917
0.4271727304466301
0.4260452172949277
0.42489513279937374
0.42043175876650807
0.4240143399857989
0.42646380689352326
0.42381321434883534
0.41471594652888927
0.41812168882306905
0.4177505497569212
0.420921859880689
0.419072310322403
0.4208200919485197
0.4138726408406084
0.42364841203445436
0.4136072317824906
0.4147938964616947
0.4140357083609569
0.41243015921507864
0.4105076207683892
0.41109898347347057
0.4137206229131214
0.41735032993068244
0.41226698635218567
0.4108461621162948
0.4110004553159044
0.41007852844563025
0.4104774856387152
0.4100807927078885
0.4146666148271776
0.4036453868728674
0.3972599611853954
0.41112573611433306
0.40852802909715114
0.4103778982960158
0.40290359339671755
0.39905958142834
0.4088740380276537
0.4058164322667052
0.4102331427906666
0.4027855655183844
0.4015090624842847
0.39817519484690067
0.39944126739462
0.38070657338486447
0.38830144140673895
0.3913879398947304
0.3978463900701213
0.39571731425398726
0.38270209316779924
0.39479506683989996
0.3951825145199374
0.38871852489763725
0.3968123693973062
0.3894279984524397
0.3812993724192635
0.3750708841476176
0.38614393484133347
0.38233273063542406
0.37692057986518945
0.3673876463012117
0.3900026324827027
0.3750332084928838
0.3701270079403641
0.3771587773331742
0.3664176441357879
0.3624196151624925
0.3578825176871127
0.3704265489819479
0.36412311648320644
0.36743430819352274
0.34228118309718913
0.36836531544882534
0.3505988529433659
0.353654316929825
0.35808731243511815
0.3425061201868381
0.3431821443252953
0.3353122538272884
0.3455731857364903
0.34251545405279704
0.32925782267949616
0.330777885239835
0.32911225603403016
0.33409732091006256
0.3250066974883494
0.3212889793631784
0.3173691803766477
0.3307771805943295
0.3210074815207872
0.2982218953734714
0.2941186886207385
0.3113126499980531
0.30248721202559664
0.2925065499655208
0.2836201716251275
0.2747823310545085
0.2760992885446284
0.26613065098515754
0.2715238778497545
0.2652652162069447
0.28063250636682824
0.26544000324881145
0.26033096281467427
0.2422838929321932
0.24672580175956416
0.2605252557017035
0.23004208852974536
0.23476856193400902
0.23532801681777005
0.23572348681454763
0.2269815599578518
0.2087204417118589
0.22796352250807453
0.258720186064826
0.2345231600336862
0.20949481132044884
0.2357151085052585
0.20776862784600794
0.22386887557376803
0.24742570698682653
0.23599585063805484
0.2409752242781191
0.20690118104092814
0.23056389495118532
0.2063897165920384
0.20914273881147047
0.2034004170777501
0.23214435055950172
0.20870774891720317
0.21727381235227367
0.21274467803137967
0.1877641535915359
0.20939157939297418
0.21392195519135615
0.20432016750379886
0.20728129856305041
0.2248663670556928
0.2331870627693212
0.17752437627717618
0.20524281761207436
0.20748080669573932
0.22704237158773144
0.2224549147234329
0.18766855856059234
0.1979482509348547
0.2069146631444248
0.21862680125645595
0.17852719268988765
0.2076964361146478
0.17361918300449616
0.17939526800607322
0.2215679691155156
0.225178076133984
0.16705995841617235
0.21524151858729695
0.2191834253797973
0.1996754284323874
0.18813057840060207
0.19890695772408218
0.20702423407159934
0.18486154726790158
0.21508419965278427
0.20311438324746256
0.21208386945575333
0.17953333318200165
0.17084315027093777
0.17879649713452775
0.19882851647406377
0.20759767628305995
0.1931142685277667
0.18981950722060753
